k_train= 22 Loss_episode= [9311378, 6549156, 4333602, 4122444, 7650125, 45129586, 30328834, 17687843, 20928146, 22843668, 11179800, 3564879, 1784653, 1337481, 1303627, 1067279, 896046, 749300, 664931, 546728, 480485, 448649]
k= 2996 Tension = [[21.910 16.354 21.290 16.001 10.897 15.891]] ul= [23.223 16.480 22.791 16.392 12.245 16.349]
k= 2996 Tension difference = [[1.313 0.127 1.500 0.391 1.348 0.458]] L1-AC estimation = [[0.209 0.020 0.235 0.061 0.207 0.071]]
k= 2996 ref_pl= [3.000 -0.000 2.000] angle_t= 20.001 pl= [[3.041 -0.038 1.773]] Eulerl= [-3.343 7.748 0.970]
k= 2996 quadrotor: 0 ref_p= [4.684 -0.000 3.879] p= [4.431 0.037 3.602] Euler= [-1.289 7.964 0.264]
k= 2996 quadrotor: 0 ctrl= [[31.933 0.004 0.002 0.000]]
k= 2996 quadrotor: 1 ref_p= [3.842 1.458 3.879] p= [3.766 1.409 3.558] Euler= [-10.514 4.445 0.577]
k= 2996 quadrotor: 1 ctrl= [[25.932 0.003 0.002 0.000]]
k= 2996 quadrotor: 2 ref_p= [2.158 1.458 3.879] p= [2.237 1.298 3.716] Euler= [-9.454 -5.796 -0.530]
k= 2996 quadrotor: 2 ctrl= [[31.222 0.003 0.002 -0.000]]
k= 2996 quadrotor: 3 ref_p= [1.316 -0.000 3.879] p= [1.329 -0.088 3.778] Euler= [0.768 -13.055 0.033]
k= 2996 quadrotor: 3 ctrl= [[25.503 0.003 0.002 -0.000]]
k= 2996 quadrotor: 4 ref_p= [2.158 -1.458 3.879] p= [2.232 -1.272 3.833] Euler= [5.522 -4.938 0.204]
k= 2996 quadrotor: 4 ctrl= [[20.896 0.003 0.001 0.000]]
k= 2996 quadrotor: 5 ref_p= [3.842 -1.458 3.879] p= [3.811 -1.390 3.681] Euler= [8.831 4.661 -0.182]
k= 2996 quadrotor: 5 ctrl= [[25.549 0.003 0.001 0.000]]
