k_train= 19 Loss_episode= [8367998, 5296922, 4057268, 4304139, 13795426, 30670181, 25448141, 17532487, 32496075, 11359708, 2036243, 1270180, 872474, 746571, 664574, 631900, 525265, 458846, 438525]
k= 2996 Tension = [[16.515 24.475 16.383 13.334 16.063 15.571]] ul= [16.446 25.322 16.386 13.946 16.289 16.301]
k= 2996 Tension difference = [[-0.069 0.846 0.003 0.612 0.227 0.730]] L1-AC estimation = [[-0.011 0.138 0.001 0.096 0.035 0.109]]
k= 2996 ref_pl= [3.000 -0.000 2.000] angle_t= 20.001 pl= [[3.070 0.075 1.754]] Eulerl= [-5.058 5.311 2.367]
k= 2996 quadrotor: 0 ref_p= [4.684 -0.000 3.879] p= [4.549 0.119 3.603] Euler= [-0.189 8.801 0.079]
k= 2996 quadrotor: 0 ctrl= [[26.068 0.002 0.002 0.000]]
k= 2996 quadrotor: 1 ref_p= [3.842 1.458 3.879] p= [3.699 1.442 3.568] Euler= [-10.129 3.469 0.413]
k= 2996 quadrotor: 1 ctrl= [[34.240 0.002 0.003 0.000]]
k= 2996 quadrotor: 2 ref_p= [2.158 1.458 3.879] p= [2.104 1.444 3.611] Euler= [-9.531 -7.853 -0.643]
k= 2996 quadrotor: 2 ctrl= [[25.882 0.001 0.002 -0.000]]
k= 2996 quadrotor: 3 ref_p= [1.316 -0.000 3.879] p= [1.484 0.028 3.764] Euler= [0.221 -9.974 0.038]
k= 2996 quadrotor: 3 ctrl= [[23.039 0.001 0.002 -0.000]]
k= 2996 quadrotor: 4 ref_p= [2.158 -1.458 3.879] p= [2.243 -1.358 3.769] Euler= [10.016 -6.569 0.442]
k= 2996 quadrotor: 4 ctrl= [[25.529 0.001 0.001 -0.000]]
k= 2996 quadrotor: 5 ref_p= [3.842 -1.458 3.879] p= [3.829 -1.227 3.720] Euler= [8.060 -4.010 0.296]
k= 2996 quadrotor: 5 ctrl= [[25.298 -0.002 -0.001 0.000]]
