[ 8683466  5479873  4177306  4167526 18699398 23399834  8596419  5406568
  4522369  2413166  2124506  1604632  1339242  1080353   850911   768796
   634594   570408   527031   471651   439272   444380]
k= 2998 Tension = [[22.015 16.369 21.604 15.978 10.800 15.883]] ul= [23.335 16.472 23.158 16.386 12.128 16.354]
k= 2998 Tension difference = [[1.320 0.104 1.554 0.408 1.329 0.471]] L1-AC estimation = [[0.212 0.017 0.249 0.066 0.210 0.075]]
k= 2998 ref_pl= [3.000 -0.000 2.000] angle_t= 20.001 pl= [[3.041 -0.051 1.792]] Eulerl= [-2.547 7.499 1.262]
k= 2998 quadrotor: 0 ref_p= [4.684 -0.000 3.879] p= [4.434 0.042 3.624] Euler= [-1.517 8.010 0.269]
k= 2998 quadrotor: 0 ctrl= [[31.608 0.004 0.002 0.000]]
k= 2998 quadrotor: 1 ref_p= [3.842 1.458 3.879] p= [3.761 1.412 3.588] Euler= [-10.733 4.425 0.565]
k= 2998 quadrotor: 1 ctrl= [[25.896 0.003 0.002 0.000]]
k= 2998 quadrotor: 2 ref_p= [2.158 1.458 3.879] p= [2.234 1.316 3.736] Euler= [-10.172 -5.810 -0.594]
k= 2998 quadrotor: 2 ctrl= [[30.991 0.004 0.002 -0.000]]
k= 2998 quadrotor: 3 ref_p= [1.316 -0.000 3.879] p= [1.327 -0.112 3.792] Euler= [0.773 -13.082 0.287]
k= 2998 quadrotor: 3 ctrl= [[25.333 0.003 0.001 0.000]]
k= 2998 quadrotor: 4 ref_p= [2.158 -1.458 3.879] p= [2.245 -1.348 3.827] Euler= [6.379 -4.796 0.226]
k= 2998 quadrotor: 4 ctrl= [[20.302 0.003 0.000 0.000]]
k= 2998 quadrotor: 5 ref_p= [3.842 -1.458 3.879] p= [3.809 -1.394 3.692] Euler= [8.726 4.521 -0.210]
k= 2998 quadrotor: 5 ctrl= [[25.400 0.004 0.001 0.000]]
