k_train= 18 Loss_episode= [9007333, 5652021, 4364927, 3813635, 3416567, 3177159, 2990150, 2753127, 2378027, 2008694, 1603934, 1228358, 862536, 654149, 521045, 435984, 366485, 328229]
k= 2996 Tension = [[19.382 21.077 16.160 15.981 12.789 16.137]] ul= [19.979 21.815 16.446 16.078 12.926 16.287]
k= 2996 Tension difference = [[0.597 0.738 0.285 0.097 0.137 0.150]] L1-AC estimation = [[0.091 0.114 0.043 0.014 0.023 0.023]]
k= 2996 ref_pl= [3.000 -0.000 2.000] angle_t= 20.001 pl= [[3.064 -0.063 1.837]] Eulerl= [-5.593 4.368 1.563]
k= 2996 quadrotor: 0 ref_p= [4.684 -0.000 3.879] p= [4.608 -0.036 3.687] Euler= [-0.092 10.505 0.189]
k= 2996 quadrotor: 0 ctrl= [[29.007 0.000 -0.000 0.000]]
k= 2996 quadrotor: 1 ref_p= [3.842 1.458 3.879] p= [3.795 1.211 3.661] Euler= [-7.901 5.043 0.570]
k= 2996 quadrotor: 1 ctrl= [[30.728 0.000 -0.001 0.000]]
k= 2996 quadrotor: 2 ref_p= [2.158 1.458 3.879] p= [2.227 1.270 3.712] Euler= [-8.622 -5.672 -0.796]
k= 2996 quadrotor: 2 ctrl= [[25.655 0.001 -0.000 0.000]]
k= 2996 quadrotor: 3 ref_p= [1.316 -0.000 3.879] p= [1.425 -0.158 3.812] Euler= [1.375 -11.601 0.088]
k= 2996 quadrotor: 3 ctrl= [[25.415 0.001 -0.000 0.000]]
k= 2996 quadrotor: 4 ref_p= [2.158 -1.458 3.879] p= [2.237 -1.489 3.853] Euler= [9.191 -5.787 0.122]
k= 2996 quadrotor: 4 ctrl= [[22.290 0.001 -0.000 0.000]]
k= 2996 quadrotor: 5 ref_p= [3.842 -1.458 3.879] p= [3.876 -1.408 3.803] Euler= [8.924 5.219 -0.176]
k= 2996 quadrotor: 5 ctrl= [[25.700 0.000 -0.000 -0.000]]
