k_train= 20 Loss_episode= [8767989, 5535606, 4324533, 3762917, 3408308, 3134049, 2933092, 2699382, 2453367, 2182596, 1950714, 1718451, 1464482, 1097223, 869270, 748403, 656444, 545448, 454690, 391933]
k= 2992 Tension = [[17.144 23.545 16.120 14.587 15.380 15.793]] ul= [17.407 23.736 16.425 14.665 15.450 15.918]
k= 2992 Tension difference = [[0.263 0.191 0.305 0.078 0.070 0.125]] L1-AC estimation = [[0.042 0.033 0.049 0.013 0.010 0.018]]
k= 2992 ref_pl= [3.000 -0.000 2.000] angle_t= 20.001 pl= [[3.049 -0.078 1.745]] Eulerl= [-6.956 7.040 2.252]
k= 2992 quadrotor: 0 ref_p= [4.684 -0.000 3.879] p= [4.556 0.042 3.553] Euler= [-1.709 9.515 0.374]
k= 2992 quadrotor: 0 ctrl= [[26.823 0.002 0.000 0.000]]
k= 2992 quadrotor: 1 ref_p= [3.842 1.458 3.879] p= [3.751 1.281 3.508] Euler= [-9.942 4.914 0.828]
k= 2992 quadrotor: 1 ctrl= [[33.237 0.002 0.000 -0.000]]
k= 2992 quadrotor: 2 ref_p= [2.158 1.458 3.879] p= [2.197 1.267 3.618] Euler= [-8.951 -5.790 -0.909]
k= 2992 quadrotor: 2 ctrl= [[25.846 0.002 0.000 -0.000]]
k= 2992 quadrotor: 3 ref_p= [1.316 -0.000 3.879] p= [1.439 -0.123 3.777] Euler= [0.382 -10.768 -0.035]
k= 2992 quadrotor: 3 ctrl= [[24.165 0.002 0.000 -0.000]]
k= 2992 quadrotor: 4 ref_p= [2.158 -1.458 3.879] p= [2.228 -1.426 3.826] Euler= [8.464 -6.332 0.230]
k= 2992 quadrotor: 4 ctrl= [[24.889 0.002 0.000 -0.000]]
k= 2992 quadrotor: 5 ref_p= [3.842 -1.458 3.879] p= [3.862 -1.368 3.720] Euler= [7.919 5.057 -0.254]
k= 2992 quadrotor: 5 ctrl= [[25.365 0.002 0.000 0.000]]
