k_train= 25 Loss_episode= [8650711, 5428111, 4139778, 3595630, 3203990, 2935116, 2690991, 2536651, 2346357, 2093105, 1873083, 1746716, 1556122, 1309849, 1055379, 876165, 738666, 570191, 406900, 368544, 345882, 323769, 280870, 260754, 246754]
k= 2996 Tension = [[19.156 21.909 15.832 16.169 13.168 16.290]] ul= [19.996 22.501 16.092 16.223 13.542 16.372]
k= 2996 Tension difference = [[0.841 0.592 0.260 0.054 0.374 0.082]] L1-AC estimation = [[0.131 0.089 0.042 0.009 0.058 0.012]]
k= 2996 ref_pl= [3.000 -0.000 2.000] angle_t= 20.001 pl= [[3.062 -0.072 1.886]] Eulerl= [-5.431 3.782 0.817]
k= 2996 quadrotor: 0 ref_p= [4.684 -0.000 3.879] p= [4.637 -0.064 3.739] Euler= [0.036 11.078 0.147]
k= 2996 quadrotor: 0 ctrl= [[28.780 -0.000 -0.000 0.000]]
k= 2996 quadrotor: 1 ref_p= [3.842 1.458 3.879] p= [3.812 1.220 3.712] Euler= [-8.440 5.229 0.718]
k= 2996 quadrotor: 1 ctrl= [[31.585 0.000 -0.000 0.000]]
k= 2996 quadrotor: 2 ref_p= [2.158 1.458 3.879] p= [2.206 1.285 3.747] Euler= [-8.882 -6.193 -1.040]
k= 2996 quadrotor: 2 ctrl= [[25.391 0.000 -0.000 0.000]]
k= 2996 quadrotor: 3 ref_p= [1.316 -0.000 3.879] p= [1.364 -0.107 3.830] Euler= [0.502 -12.762 -0.032]
k= 2996 quadrotor: 3 ctrl= [[25.609 0.001 -0.000 0.000]]
k= 2996 quadrotor: 4 ref_p= [2.158 -1.458 3.879] p= [2.192 -1.538 3.874] Euler= [10.072 -6.403 0.315]
k= 2996 quadrotor: 4 ctrl= [[22.674 0.001 0.000 -0.000]]
k= 2996 quadrotor: 5 ref_p= [3.842 -1.458 3.879] p= [3.885 -1.485 3.835] Euler= [10.084 5.637 -0.198]
k= 2996 quadrotor: 5 ctrl= [[25.727 -0.000 0.000 -0.000]]
